4.719999999999999751e-01 5.280000000000000249e-01
4.719999999999999751e-01 5.280000000000000249e-01
4.979999999999999982e-01 5.020000000000000018e-01
5.100000000000000089e-01 4.899999999999999911e-01
5.220000000000000195e-01 4.779999999999999805e-01
4.859999999999999876e-01 5.140000000000000124e-01
5.220000000000000195e-01 4.779999999999999805e-01
5.540000000000000480e-01 4.460000000000000075e-01
6.460000000000000187e-01 3.539999999999999813e-01
4.719999999999999751e-01 5.280000000000000249e-01
5.180000000000000160e-01 4.819999999999999840e-01
5.060000000000000053e-01 4.939999999999999947e-01
5.140000000000000124e-01 4.859999999999999876e-01
4.779999999999999805e-01 5.220000000000000195e-01
5.500000000000000444e-01 4.500000000000000111e-01
4.600000000000000200e-01 5.400000000000000355e-01
5.240000000000000213e-01 4.759999999999999787e-01
5.040000000000000036e-01 4.959999999999999964e-01
4.640000000000000235e-01 5.360000000000000320e-01
5.320000000000000284e-01 4.680000000000000271e-01
5.080000000000000071e-01 4.919999999999999929e-01
4.660000000000000253e-01 5.340000000000000302e-01
5.020000000000000018e-01 4.979999999999999982e-01
4.959999999999999964e-01 5.040000000000000036e-01
4.839999999999999858e-01 5.160000000000000142e-01
5.240000000000000213e-01 4.759999999999999787e-01
5.160000000000000142e-01 4.839999999999999858e-01
4.580000000000000182e-01 5.420000000000000373e-01
4.899999999999999911e-01 5.100000000000000089e-01
5.260000000000000231e-01 4.739999999999999769e-01
4.540000000000000147e-01 5.460000000000000409e-01
4.879999999999999893e-01 5.120000000000000107e-01
5.160000000000000142e-01 4.839999999999999858e-01
5.180000000000000160e-01 4.819999999999999840e-01
4.759999999999999787e-01 5.240000000000000213e-01
4.839999999999999858e-01 5.160000000000000142e-01
5.400000000000000355e-01 4.600000000000000200e-01
5.040000000000000036e-01 4.959999999999999964e-01
4.799999999999999822e-01 5.200000000000000178e-01
4.400000000000000022e-01 5.600000000000000533e-01
5.220000000000000195e-01 4.779999999999999805e-01
4.899999999999999911e-01 5.100000000000000089e-01
5.200000000000000178e-01 4.799999999999999822e-01
5.600000000000000533e-01 4.400000000000000022e-01
5.240000000000000213e-01 4.759999999999999787e-01
4.719999999999999751e-01 5.280000000000000249e-01
4.719999999999999751e-01 5.280000000000000249e-01
5.160000000000000142e-01 4.839999999999999858e-01
5.380000000000000338e-01 4.620000000000000218e-01
4.719999999999999751e-01 5.280000000000000249e-01
4.680000000000000271e-01 5.320000000000000284e-01
4.819999999999999840e-01 5.180000000000000160e-01
4.500000000000000111e-01 5.500000000000000444e-01
5.040000000000000036e-01 4.959999999999999964e-01
5.180000000000000160e-01 4.819999999999999840e-01
4.480000000000000093e-01 5.520000000000000462e-01
5.000000000000000000e-01 5.000000000000000000e-01
4.899999999999999911e-01 5.100000000000000089e-01
4.480000000000000093e-01 5.520000000000000462e-01
5.220000000000000195e-01 4.779999999999999805e-01
4.759999999999999787e-01 5.240000000000000213e-01
5.360000000000000320e-01 4.640000000000000235e-01
4.819999999999999840e-01 5.180000000000000160e-01
5.839999999999999636e-01 4.159999999999999809e-01
4.939999999999999947e-01 5.060000000000000053e-01
5.100000000000000089e-01 4.899999999999999911e-01
4.339999999999999969e-01 5.659999999999999476e-01
4.600000000000000200e-01 5.400000000000000355e-01
5.080000000000000071e-01 4.919999999999999929e-01
4.420000000000000040e-01 5.580000000000000515e-01
4.660000000000000253e-01 5.340000000000000302e-01
5.260000000000000231e-01 4.739999999999999769e-01
5.320000000000000284e-01 4.680000000000000271e-01
4.460000000000000075e-01 5.540000000000000480e-01
4.680000000000000271e-01 5.320000000000000284e-01
5.140000000000000124e-01 4.859999999999999876e-01
5.000000000000000000e-01 5.000000000000000000e-01
4.680000000000000271e-01 5.320000000000000284e-01
4.620000000000000218e-01 5.380000000000000338e-01
4.739999999999999769e-01 5.260000000000000231e-01
4.979999999999999982e-01 5.020000000000000018e-01
5.120000000000000107e-01 4.879999999999999893e-01
5.100000000000000089e-01 4.899999999999999911e-01
5.200000000000000178e-01 4.799999999999999822e-01
4.699999999999999734e-01 5.300000000000000266e-01
5.699999999999999512e-01 4.299999999999999933e-01
4.919999999999999929e-01 5.080000000000000071e-01
4.859999999999999876e-01 5.140000000000000124e-01
4.919999999999999929e-01 5.080000000000000071e-01
5.140000000000000124e-01 4.859999999999999876e-01
4.699999999999999734e-01 5.300000000000000266e-01
5.300000000000000266e-01 4.699999999999999734e-01
4.779999999999999805e-01 5.220000000000000195e-01
5.060000000000000053e-01 4.939999999999999947e-01
4.739999999999999769e-01 5.260000000000000231e-01
4.899999999999999911e-01 5.100000000000000089e-01
4.520000000000000129e-01 5.480000000000000426e-01
4.560000000000000164e-01 5.440000000000000391e-01
4.719999999999999751e-01 5.280000000000000249e-01
5.040000000000000036e-01 4.959999999999999964e-01
4.600000000000000200e-01 5.400000000000000355e-01
4.699999999999999734e-01 5.300000000000000266e-01
5.400000000000000355e-01 4.600000000000000200e-01
5.540000000000000480e-01 4.460000000000000075e-01
5.020000000000000018e-01 4.979999999999999982e-01
4.979999999999999982e-01 5.020000000000000018e-01
4.899999999999999911e-01 5.100000000000000089e-01
3.980000000000000204e-01 6.019999999999999796e-01
4.979999999999999982e-01 5.020000000000000018e-01
4.540000000000000147e-01 5.460000000000000409e-01
4.859999999999999876e-01 5.140000000000000124e-01
5.140000000000000124e-01 4.859999999999999876e-01
4.359999999999999987e-01 5.639999999999999458e-01
5.280000000000000249e-01 4.719999999999999751e-01
5.140000000000000124e-01 4.859999999999999876e-01
5.120000000000000107e-01 4.879999999999999893e-01
4.719999999999999751e-01 5.280000000000000249e-01
4.219999999999999862e-01 5.779999999999999583e-01
4.819999999999999840e-01 5.180000000000000160e-01
5.380000000000000338e-01 4.620000000000000218e-01
4.779999999999999805e-01 5.220000000000000195e-01
5.220000000000000195e-01 4.779999999999999805e-01
5.340000000000000302e-01 4.660000000000000253e-01
4.759999999999999787e-01 5.240000000000000213e-01
4.779999999999999805e-01 5.220000000000000195e-01
5.460000000000000409e-01 4.540000000000000147e-01
4.779999999999999805e-01 5.220000000000000195e-01
4.979999999999999982e-01 5.020000000000000018e-01
4.739999999999999769e-01 5.260000000000000231e-01
5.020000000000000018e-01 4.979999999999999982e-01
4.199999999999999845e-01 5.799999999999999600e-01
5.080000000000000071e-01 4.919999999999999929e-01
4.699999999999999734e-01 5.300000000000000266e-01
5.200000000000000178e-01 4.799999999999999822e-01
5.140000000000000124e-01 4.859999999999999876e-01
5.180000000000000160e-01 4.819999999999999840e-01
4.819999999999999840e-01 5.180000000000000160e-01
4.520000000000000129e-01 5.480000000000000426e-01
4.839999999999999858e-01 5.160000000000000142e-01
4.600000000000000200e-01 5.400000000000000355e-01
5.260000000000000231e-01 4.739999999999999769e-01
5.480000000000000426e-01 4.520000000000000129e-01
5.220000000000000195e-01 4.779999999999999805e-01
5.140000000000000124e-01 4.859999999999999876e-01
5.380000000000000338e-01 4.620000000000000218e-01
4.959999999999999964e-01 5.040000000000000036e-01
4.839999999999999858e-01 5.160000000000000142e-01
5.000000000000000000e-01 5.000000000000000000e-01
4.779999999999999805e-01 5.220000000000000195e-01
4.839999999999999858e-01 5.160000000000000142e-01
4.739999999999999769e-01 5.260000000000000231e-01
4.799999999999999822e-01 5.200000000000000178e-01
4.959999999999999964e-01 5.040000000000000036e-01
4.580000000000000182e-01 5.420000000000000373e-01
4.719999999999999751e-01 5.280000000000000249e-01
4.739999999999999769e-01 5.260000000000000231e-01
4.660000000000000253e-01 5.340000000000000302e-01
5.280000000000000249e-01 4.719999999999999751e-01
4.680000000000000271e-01 5.320000000000000284e-01
4.620000000000000218e-01 5.380000000000000338e-01
4.259999999999999898e-01 5.739999999999999547e-01
5.340000000000000302e-01 4.660000000000000253e-01
5.060000000000000053e-01 4.939999999999999947e-01
4.739999999999999769e-01 5.260000000000000231e-01
5.060000000000000053e-01 4.939999999999999947e-01
4.979999999999999982e-01 5.020000000000000018e-01
4.879999999999999893e-01 5.120000000000000107e-01
5.100000000000000089e-01 4.899999999999999911e-01
5.520000000000000462e-01 4.480000000000000093e-01
4.959999999999999964e-01 5.040000000000000036e-01
4.520000000000000129e-01 5.480000000000000426e-01
4.779999999999999805e-01 5.220000000000000195e-01
5.080000000000000071e-01 4.919999999999999929e-01
5.200000000000000178e-01 4.799999999999999822e-01
5.040000000000000036e-01 4.959999999999999964e-01
4.119999999999999774e-01 5.879999999999999671e-01
5.759999999999999565e-01 4.239999999999999880e-01
4.959999999999999964e-01 5.040000000000000036e-01
4.299999999999999933e-01 5.699999999999999512e-01
4.939999999999999947e-01 5.060000000000000053e-01
4.600000000000000200e-01 5.400000000000000355e-01
4.859999999999999876e-01 5.140000000000000124e-01
4.520000000000000129e-01 5.480000000000000426e-01
5.320000000000000284e-01 4.680000000000000271e-01
4.919999999999999929e-01 5.080000000000000071e-01
5.000000000000000000e-01 5.000000000000000000e-01
4.859999999999999876e-01 5.140000000000000124e-01
4.440000000000000058e-01 5.560000000000000497e-01
4.699999999999999734e-01 5.300000000000000266e-01
4.460000000000000075e-01 5.540000000000000480e-01
4.759999999999999787e-01 5.240000000000000213e-01
5.180000000000000160e-01 4.819999999999999840e-01
5.580000000000000515e-01 4.420000000000000040e-01
4.699999999999999734e-01 5.300000000000000266e-01
4.899999999999999911e-01 5.100000000000000089e-01
5.340000000000000302e-01 4.660000000000000253e-01
4.699999999999999734e-01 5.300000000000000266e-01
5.280000000000000249e-01 4.719999999999999751e-01
5.080000000000000071e-01 4.919999999999999929e-01
5.380000000000000338e-01 4.620000000000000218e-01
4.819999999999999840e-01 5.180000000000000160e-01
4.239999999999999880e-01 5.759999999999999565e-01
5.260000000000000231e-01 4.739999999999999769e-01
5.520000000000000462e-01 4.480000000000000093e-01
5.440000000000000391e-01 4.560000000000000164e-01
4.660000000000000253e-01 5.340000000000000302e-01
5.180000000000000160e-01 4.819999999999999840e-01
4.480000000000000093e-01 5.520000000000000462e-01
4.979999999999999982e-01 5.020000000000000018e-01
4.919999999999999929e-01 5.080000000000000071e-01
5.440000000000000391e-01 4.560000000000000164e-01
4.699999999999999734e-01 5.300000000000000266e-01
4.839999999999999858e-01 5.160000000000000142e-01
6.219999999999999973e-01 3.780000000000000027e-01
5.120000000000000107e-01 4.879999999999999893e-01
4.540000000000000147e-01 5.460000000000000409e-01
4.719999999999999751e-01 5.280000000000000249e-01
5.240000000000000213e-01 4.759999999999999787e-01
4.359999999999999987e-01 5.639999999999999458e-01
5.580000000000000515e-01 4.420000000000000040e-01
4.319999999999999951e-01 5.679999999999999494e-01
4.919999999999999929e-01 5.080000000000000071e-01
5.020000000000000018e-01 4.979999999999999982e-01
5.240000000000000213e-01 4.759999999999999787e-01
4.759999999999999787e-01 5.240000000000000213e-01
4.759999999999999787e-01 5.240000000000000213e-01
4.819999999999999840e-01 5.180000000000000160e-01
4.440000000000000058e-01 5.560000000000000497e-01
4.199999999999999845e-01 5.799999999999999600e-01
4.660000000000000253e-01 5.340000000000000302e-01
4.819999999999999840e-01 5.180000000000000160e-01
5.480000000000000426e-01 4.520000000000000129e-01
4.460000000000000075e-01 5.540000000000000480e-01
4.739999999999999769e-01 5.260000000000000231e-01
4.859999999999999876e-01 5.140000000000000124e-01
4.680000000000000271e-01 5.320000000000000284e-01
4.440000000000000058e-01 5.560000000000000497e-01
6.039999999999999813e-01 3.960000000000000187e-01
5.080000000000000071e-01 4.919999999999999929e-01
4.759999999999999787e-01 5.240000000000000213e-01
5.080000000000000071e-01 4.919999999999999929e-01
4.099999999999999756e-01 5.899999999999999689e-01
4.620000000000000218e-01 5.380000000000000338e-01
5.380000000000000338e-01 4.620000000000000218e-01
5.140000000000000124e-01 4.859999999999999876e-01
5.859999999999999654e-01 4.139999999999999791e-01
4.739999999999999769e-01 5.260000000000000231e-01
4.779999999999999805e-01 5.220000000000000195e-01
4.799999999999999822e-01 5.200000000000000178e-01
4.480000000000000093e-01 5.520000000000000462e-01
4.779999999999999805e-01 5.220000000000000195e-01
4.620000000000000218e-01 5.380000000000000338e-01
4.859999999999999876e-01 5.140000000000000124e-01
4.879999999999999893e-01 5.120000000000000107e-01
5.200000000000000178e-01 4.799999999999999822e-01
5.320000000000000284e-01 4.680000000000000271e-01
5.020000000000000018e-01 4.979999999999999982e-01
4.299999999999999933e-01 5.699999999999999512e-01
4.959999999999999964e-01 5.040000000000000036e-01
5.200000000000000178e-01 4.799999999999999822e-01
4.699999999999999734e-01 5.300000000000000266e-01
5.060000000000000053e-01 4.939999999999999947e-01
6.059999999999999831e-01 3.940000000000000169e-01
4.640000000000000235e-01 5.360000000000000320e-01
5.100000000000000089e-01 4.899999999999999911e-01
5.560000000000000497e-01 4.440000000000000058e-01
4.759999999999999787e-01 5.240000000000000213e-01
4.839999999999999858e-01 5.160000000000000142e-01
4.359999999999999987e-01 5.639999999999999458e-01
5.340000000000000302e-01 4.660000000000000253e-01
4.919999999999999929e-01 5.080000000000000071e-01
4.680000000000000271e-01 5.320000000000000284e-01
4.460000000000000075e-01 5.540000000000000480e-01
4.859999999999999876e-01 5.140000000000000124e-01
4.859999999999999876e-01 5.140000000000000124e-01
4.680000000000000271e-01 5.320000000000000284e-01
4.899999999999999911e-01 5.100000000000000089e-01
5.040000000000000036e-01 4.959999999999999964e-01
5.040000000000000036e-01 4.959999999999999964e-01
4.560000000000000164e-01 5.440000000000000391e-01
5.160000000000000142e-01 4.839999999999999858e-01
4.259999999999999898e-01 5.739999999999999547e-01
5.340000000000000302e-01 4.660000000000000253e-01
4.879999999999999893e-01 5.120000000000000107e-01
4.580000000000000182e-01 5.420000000000000373e-01
4.400000000000000022e-01 5.600000000000000533e-01
4.839999999999999858e-01 5.160000000000000142e-01
5.160000000000000142e-01 4.839999999999999858e-01
5.120000000000000107e-01 4.879999999999999893e-01
4.620000000000000218e-01 5.380000000000000338e-01
5.420000000000000373e-01 4.580000000000000182e-01
4.179999999999999827e-01 5.819999999999999618e-01
4.799999999999999822e-01 5.200000000000000178e-01
5.200000000000000178e-01 4.799999999999999822e-01
5.659999999999999476e-01 4.339999999999999969e-01
5.659999999999999476e-01 4.339999999999999969e-01
4.939999999999999947e-01 5.060000000000000053e-01
4.719999999999999751e-01 5.280000000000000249e-01
4.819999999999999840e-01 5.180000000000000160e-01
4.580000000000000182e-01 5.420000000000000373e-01
4.819999999999999840e-01 5.180000000000000160e-01
4.560000000000000164e-01 5.440000000000000391e-01
4.919999999999999929e-01 5.080000000000000071e-01
4.979999999999999982e-01 5.020000000000000018e-01
5.220000000000000195e-01 4.779999999999999805e-01
5.140000000000000124e-01 4.859999999999999876e-01
4.799999999999999822e-01 5.200000000000000178e-01
5.000000000000000000e-01 5.000000000000000000e-01
4.979999999999999982e-01 5.020000000000000018e-01
4.420000000000000040e-01 5.580000000000000515e-01
4.480000000000000093e-01 5.520000000000000462e-01
5.180000000000000160e-01 4.819999999999999840e-01
4.759999999999999787e-01 5.240000000000000213e-01
5.020000000000000018e-01 4.979999999999999982e-01
5.600000000000000533e-01 4.400000000000000022e-01
4.959999999999999964e-01 5.040000000000000036e-01
5.380000000000000338e-01 4.620000000000000218e-01
4.859999999999999876e-01 5.140000000000000124e-01
5.080000000000000071e-01 4.919999999999999929e-01
5.280000000000000249e-01 4.719999999999999751e-01
5.180000000000000160e-01 4.819999999999999840e-01
4.580000000000000182e-01 5.420000000000000373e-01
4.680000000000000271e-01 5.320000000000000284e-01
4.699999999999999734e-01 5.300000000000000266e-01
4.859999999999999876e-01 5.140000000000000124e-01
4.759999999999999787e-01 5.240000000000000213e-01
4.719999999999999751e-01 5.280000000000000249e-01
4.699999999999999734e-01 5.300000000000000266e-01
4.739999999999999769e-01 5.260000000000000231e-01
4.339999999999999969e-01 5.659999999999999476e-01
4.779999999999999805e-01 5.220000000000000195e-01
5.080000000000000071e-01 4.919999999999999929e-01
4.739999999999999769e-01 5.260000000000000231e-01
4.699999999999999734e-01 5.300000000000000266e-01
5.280000000000000249e-01 4.719999999999999751e-01
5.160000000000000142e-01 4.839999999999999858e-01
4.879999999999999893e-01 5.120000000000000107e-01
4.839999999999999858e-01 5.160000000000000142e-01
4.500000000000000111e-01 5.500000000000000444e-01
4.460000000000000075e-01 5.540000000000000480e-01
5.260000000000000231e-01 4.739999999999999769e-01
4.699999999999999734e-01 5.300000000000000266e-01
5.440000000000000391e-01 4.560000000000000164e-01
5.200000000000000178e-01 4.799999999999999822e-01
5.220000000000000195e-01 4.779999999999999805e-01
5.220000000000000195e-01 4.779999999999999805e-01
4.819999999999999840e-01 5.180000000000000160e-01
4.699999999999999734e-01 5.300000000000000266e-01
5.000000000000000000e-01 5.000000000000000000e-01
5.080000000000000071e-01 4.919999999999999929e-01
4.759999999999999787e-01 5.240000000000000213e-01
5.060000000000000053e-01 4.939999999999999947e-01
4.839999999999999858e-01 5.160000000000000142e-01
4.680000000000000271e-01 5.320000000000000284e-01
4.979999999999999982e-01 5.020000000000000018e-01
4.819999999999999840e-01 5.180000000000000160e-01
5.699999999999999512e-01 4.299999999999999933e-01
4.939999999999999947e-01 5.060000000000000053e-01
4.839999999999999858e-01 5.160000000000000142e-01
5.500000000000000444e-01 4.500000000000000111e-01
5.020000000000000018e-01 4.979999999999999982e-01
5.200000000000000178e-01 4.799999999999999822e-01
4.899999999999999911e-01 5.100000000000000089e-01
4.520000000000000129e-01 5.480000000000000426e-01
5.060000000000000053e-01 4.939999999999999947e-01
4.979999999999999982e-01 5.020000000000000018e-01
5.080000000000000071e-01 4.919999999999999929e-01
4.799999999999999822e-01 5.200000000000000178e-01
5.160000000000000142e-01 4.839999999999999858e-01
6.460000000000000187e-01 3.539999999999999813e-01
5.340000000000000302e-01 4.660000000000000253e-01
4.040000000000000258e-01 5.959999999999999742e-01
5.260000000000000231e-01 4.739999999999999769e-01
4.739999999999999769e-01 5.260000000000000231e-01
4.600000000000000200e-01 5.400000000000000355e-01
5.460000000000000409e-01 4.540000000000000147e-01
5.380000000000000338e-01 4.620000000000000218e-01
5.320000000000000284e-01 4.680000000000000271e-01
4.680000000000000271e-01 5.320000000000000284e-01
4.719999999999999751e-01 5.280000000000000249e-01
5.080000000000000071e-01 4.919999999999999929e-01
4.799999999999999822e-01 5.200000000000000178e-01
4.879999999999999893e-01 5.120000000000000107e-01
4.660000000000000253e-01 5.340000000000000302e-01
4.699999999999999734e-01 5.300000000000000266e-01
4.879999999999999893e-01 5.120000000000000107e-01
4.500000000000000111e-01 5.500000000000000444e-01
4.440000000000000058e-01 5.560000000000000497e-01
4.899999999999999911e-01 5.100000000000000089e-01
5.060000000000000053e-01 4.939999999999999947e-01
5.080000000000000071e-01 4.919999999999999929e-01
6.380000000000000115e-01 3.619999999999999885e-01
5.160000000000000142e-01 4.839999999999999858e-01
4.859999999999999876e-01 5.140000000000000124e-01
4.979999999999999982e-01 5.020000000000000018e-01
4.500000000000000111e-01 5.500000000000000444e-01
4.500000000000000111e-01 5.500000000000000444e-01
5.000000000000000000e-01 5.000000000000000000e-01
4.959999999999999964e-01 5.040000000000000036e-01
4.819999999999999840e-01 5.180000000000000160e-01
4.839999999999999858e-01 5.160000000000000142e-01
4.899999999999999911e-01 5.100000000000000089e-01
5.380000000000000338e-01 4.620000000000000218e-01
5.060000000000000053e-01 4.939999999999999947e-01
4.520000000000000129e-01 5.480000000000000426e-01
4.779999999999999805e-01 5.220000000000000195e-01
5.020000000000000018e-01 4.979999999999999982e-01
5.220000000000000195e-01 4.779999999999999805e-01
4.239999999999999880e-01 5.759999999999999565e-01
4.939999999999999947e-01 5.060000000000000053e-01
4.560000000000000164e-01 5.440000000000000391e-01
5.160000000000000142e-01 4.839999999999999858e-01
5.140000000000000124e-01 4.859999999999999876e-01
4.680000000000000271e-01 5.320000000000000284e-01
5.100000000000000089e-01 4.899999999999999911e-01
5.540000000000000480e-01 4.460000000000000075e-01
4.660000000000000253e-01 5.340000000000000302e-01
4.779999999999999805e-01 5.220000000000000195e-01
5.220000000000000195e-01 4.779999999999999805e-01
4.759999999999999787e-01 5.240000000000000213e-01
5.120000000000000107e-01 4.879999999999999893e-01
4.640000000000000235e-01 5.360000000000000320e-01
4.480000000000000093e-01 5.520000000000000462e-01
5.540000000000000480e-01 4.460000000000000075e-01
5.100000000000000089e-01 4.899999999999999911e-01
4.799999999999999822e-01 5.200000000000000178e-01
5.000000000000000000e-01 5.000000000000000000e-01
4.779999999999999805e-01 5.220000000000000195e-01
5.040000000000000036e-01 4.959999999999999964e-01
4.460000000000000075e-01 5.540000000000000480e-01
5.140000000000000124e-01 4.859999999999999876e-01
4.799999999999999822e-01 5.200000000000000178e-01
4.680000000000000271e-01 5.320000000000000284e-01
5.020000000000000018e-01 4.979999999999999982e-01
4.739999999999999769e-01 5.260000000000000231e-01
5.040000000000000036e-01 4.959999999999999964e-01
4.580000000000000182e-01 5.420000000000000373e-01
4.139999999999999791e-01 5.859999999999999654e-01
5.440000000000000391e-01 4.560000000000000164e-01
4.480000000000000093e-01 5.520000000000000462e-01
4.680000000000000271e-01 5.320000000000000284e-01
4.739999999999999769e-01 5.260000000000000231e-01
4.739999999999999769e-01 5.260000000000000231e-01
4.680000000000000271e-01 5.320000000000000284e-01
5.080000000000000071e-01 4.919999999999999929e-01
4.939999999999999947e-01 5.060000000000000053e-01
4.759999999999999787e-01 5.240000000000000213e-01
5.480000000000000426e-01 4.520000000000000129e-01
4.739999999999999769e-01 5.260000000000000231e-01
4.759999999999999787e-01 5.240000000000000213e-01
4.400000000000000022e-01 5.600000000000000533e-01
4.959999999999999964e-01 5.040000000000000036e-01
4.440000000000000058e-01 5.560000000000000497e-01
4.600000000000000200e-01 5.400000000000000355e-01
4.819999999999999840e-01 5.180000000000000160e-01
4.699999999999999734e-01 5.300000000000000266e-01
5.500000000000000444e-01 4.500000000000000111e-01
5.280000000000000249e-01 4.719999999999999751e-01
4.460000000000000075e-01 5.540000000000000480e-01
5.280000000000000249e-01 4.719999999999999751e-01
4.799999999999999822e-01 5.200000000000000178e-01
5.000000000000000000e-01 5.000000000000000000e-01
5.120000000000000107e-01 4.879999999999999893e-01
5.320000000000000284e-01 4.680000000000000271e-01
4.640000000000000235e-01 5.360000000000000320e-01
5.560000000000000497e-01 4.440000000000000058e-01
4.839999999999999858e-01 5.160000000000000142e-01
5.160000000000000142e-01 4.839999999999999858e-01
4.859999999999999876e-01 5.140000000000000124e-01
5.060000000000000053e-01 4.939999999999999947e-01
4.819999999999999840e-01 5.180000000000000160e-01
4.899999999999999911e-01 5.100000000000000089e-01
4.560000000000000164e-01 5.440000000000000391e-01
5.180000000000000160e-01 4.819999999999999840e-01
4.520000000000000129e-01 5.480000000000000426e-01
5.320000000000000284e-01 4.680000000000000271e-01
4.739999999999999769e-01 5.260000000000000231e-01
5.000000000000000000e-01 5.000000000000000000e-01
4.939999999999999947e-01 5.060000000000000053e-01
4.580000000000000182e-01 5.420000000000000373e-01
5.240000000000000213e-01 4.759999999999999787e-01
5.420000000000000373e-01 4.580000000000000182e-01
4.919999999999999929e-01 5.080000000000000071e-01
4.959999999999999964e-01 5.040000000000000036e-01
4.420000000000000040e-01 5.580000000000000515e-01
5.040000000000000036e-01 4.959999999999999964e-01
4.719999999999999751e-01 5.280000000000000249e-01
4.839999999999999858e-01 5.160000000000000142e-01
4.520000000000000129e-01 5.480000000000000426e-01
4.640000000000000235e-01 5.360000000000000320e-01
4.899999999999999911e-01 5.100000000000000089e-01
4.440000000000000058e-01 5.560000000000000497e-01
5.160000000000000142e-01 4.839999999999999858e-01
5.200000000000000178e-01 4.799999999999999822e-01
5.240000000000000213e-01 4.759999999999999787e-01
5.380000000000000338e-01 4.620000000000000218e-01
4.380000000000000004e-01 5.620000000000000551e-01
5.020000000000000018e-01 4.979999999999999982e-01
4.939999999999999947e-01 5.060000000000000053e-01
4.879999999999999893e-01 5.120000000000000107e-01
4.660000000000000253e-01 5.340000000000000302e-01
4.420000000000000040e-01 5.580000000000000515e-01
4.799999999999999822e-01 5.200000000000000178e-01
4.959999999999999964e-01 5.040000000000000036e-01
5.280000000000000249e-01 4.719999999999999751e-01
4.839999999999999858e-01 5.160000000000000142e-01
5.120000000000000107e-01 4.879999999999999893e-01
4.919999999999999929e-01 5.080000000000000071e-01
4.839999999999999858e-01 5.160000000000000142e-01
4.520000000000000129e-01 5.480000000000000426e-01
5.200000000000000178e-01 4.799999999999999822e-01
4.560000000000000164e-01 5.440000000000000391e-01
5.400000000000000355e-01 4.600000000000000200e-01
4.899999999999999911e-01 5.100000000000000089e-01
4.440000000000000058e-01 5.560000000000000497e-01
5.200000000000000178e-01 4.799999999999999822e-01
5.759999999999999565e-01 4.239999999999999880e-01
4.219999999999999862e-01 5.779999999999999583e-01
5.699999999999999512e-01 4.299999999999999933e-01
4.460000000000000075e-01 5.540000000000000480e-01
4.339999999999999969e-01 5.659999999999999476e-01
4.859999999999999876e-01 5.140000000000000124e-01
4.979999999999999982e-01 5.020000000000000018e-01
4.879999999999999893e-01 5.120000000000000107e-01
4.839999999999999858e-01 5.160000000000000142e-01
5.140000000000000124e-01 4.859999999999999876e-01
5.020000000000000018e-01 4.979999999999999982e-01
5.320000000000000284e-01 4.680000000000000271e-01
5.000000000000000000e-01 5.000000000000000000e-01
4.819999999999999840e-01 5.180000000000000160e-01
4.660000000000000253e-01 5.340000000000000302e-01
5.300000000000000266e-01 4.699999999999999734e-01
5.060000000000000053e-01 4.939999999999999947e-01
5.160000000000000142e-01 4.839999999999999858e-01
4.779999999999999805e-01 5.220000000000000195e-01
4.560000000000000164e-01 5.440000000000000391e-01
3.900000000000000133e-01 6.099999999999999867e-01
4.680000000000000271e-01 5.320000000000000284e-01
5.280000000000000249e-01 4.719999999999999751e-01
4.819999999999999840e-01 5.180000000000000160e-01
4.759999999999999787e-01 5.240000000000000213e-01
5.240000000000000213e-01 4.759999999999999787e-01
4.680000000000000271e-01 5.320000000000000284e-01
5.220000000000000195e-01 4.779999999999999805e-01
4.899999999999999911e-01 5.100000000000000089e-01
5.060000000000000053e-01 4.939999999999999947e-01
4.680000000000000271e-01 5.320000000000000284e-01
4.799999999999999822e-01 5.200000000000000178e-01
5.000000000000000000e-01 5.000000000000000000e-01
6.079999999999999849e-01 3.920000000000000151e-01
4.799999999999999822e-01 5.200000000000000178e-01
4.719999999999999751e-01 5.280000000000000249e-01
5.759999999999999565e-01 4.239999999999999880e-01
5.060000000000000053e-01 4.939999999999999947e-01
5.240000000000000213e-01 4.759999999999999787e-01
5.060000000000000053e-01 4.939999999999999947e-01
5.100000000000000089e-01 4.899999999999999911e-01
5.000000000000000000e-01 5.000000000000000000e-01
5.080000000000000071e-01 4.919999999999999929e-01
5.679999999999999494e-01 4.319999999999999951e-01
5.020000000000000018e-01 4.979999999999999982e-01
4.759999999999999787e-01 5.240000000000000213e-01
4.799999999999999822e-01 5.200000000000000178e-01
4.859999999999999876e-01 5.140000000000000124e-01
4.299999999999999933e-01 5.699999999999999512e-01
4.520000000000000129e-01 5.480000000000000426e-01
5.060000000000000053e-01 4.939999999999999947e-01
5.280000000000000249e-01 4.719999999999999751e-01
4.699999999999999734e-01 5.300000000000000266e-01
5.200000000000000178e-01 4.799999999999999822e-01
5.040000000000000036e-01 4.959999999999999964e-01
4.560000000000000164e-01 5.440000000000000391e-01
4.580000000000000182e-01 5.420000000000000373e-01
4.939999999999999947e-01 5.060000000000000053e-01
4.580000000000000182e-01 5.420000000000000373e-01
4.819999999999999840e-01 5.180000000000000160e-01
4.919999999999999929e-01 5.080000000000000071e-01
4.500000000000000111e-01 5.500000000000000444e-01
4.839999999999999858e-01 5.160000000000000142e-01
5.120000000000000107e-01 4.879999999999999893e-01
4.380000000000000004e-01 5.620000000000000551e-01
5.679999999999999494e-01 4.319999999999999951e-01
4.879999999999999893e-01 5.120000000000000107e-01
4.799999999999999822e-01 5.200000000000000178e-01
4.620000000000000218e-01 5.380000000000000338e-01
4.319999999999999951e-01 5.679999999999999494e-01
4.500000000000000111e-01 5.500000000000000444e-01
5.180000000000000160e-01 4.819999999999999840e-01
5.080000000000000071e-01 4.919999999999999929e-01
4.380000000000000004e-01 5.620000000000000551e-01
5.080000000000000071e-01 4.919999999999999929e-01
5.080000000000000071e-01 4.919999999999999929e-01
5.280000000000000249e-01 4.719999999999999751e-01
4.859999999999999876e-01 5.140000000000000124e-01
5.120000000000000107e-01 4.879999999999999893e-01
4.819999999999999840e-01 5.180000000000000160e-01
4.819999999999999840e-01 5.180000000000000160e-01
4.919999999999999929e-01 5.080000000000000071e-01
4.520000000000000129e-01 5.480000000000000426e-01
4.620000000000000218e-01 5.380000000000000338e-01
6.079999999999999849e-01 3.920000000000000151e-01
5.719999999999999529e-01 4.279999999999999916e-01
5.060000000000000053e-01 4.939999999999999947e-01
4.560000000000000164e-01 5.440000000000000391e-01
5.000000000000000000e-01 5.000000000000000000e-01
5.200000000000000178e-01 4.799999999999999822e-01
4.719999999999999751e-01 5.280000000000000249e-01
4.520000000000000129e-01 5.480000000000000426e-01
5.240000000000000213e-01 4.759999999999999787e-01
5.440000000000000391e-01 4.560000000000000164e-01
4.299999999999999933e-01 5.699999999999999512e-01
4.600000000000000200e-01 5.400000000000000355e-01
4.359999999999999987e-01 5.639999999999999458e-01
4.839999999999999858e-01 5.160000000000000142e-01
4.939999999999999947e-01 5.060000000000000053e-01
5.000000000000000000e-01 5.000000000000000000e-01
4.480000000000000093e-01 5.520000000000000462e-01
4.680000000000000271e-01 5.320000000000000284e-01
4.699999999999999734e-01 5.300000000000000266e-01
5.040000000000000036e-01 4.959999999999999964e-01
4.739999999999999769e-01 5.260000000000000231e-01
4.520000000000000129e-01 5.480000000000000426e-01
5.040000000000000036e-01 4.959999999999999964e-01
4.460000000000000075e-01 5.540000000000000480e-01
5.480000000000000426e-01 4.520000000000000129e-01
4.779999999999999805e-01 5.220000000000000195e-01
5.100000000000000089e-01 4.899999999999999911e-01
4.600000000000000200e-01 5.400000000000000355e-01
4.719999999999999751e-01 5.280000000000000249e-01
4.979999999999999982e-01 5.020000000000000018e-01
4.899999999999999911e-01 5.100000000000000089e-01
4.759999999999999787e-01 5.240000000000000213e-01
4.859999999999999876e-01 5.140000000000000124e-01
6.959999999999999520e-01 3.039999999999999925e-01
4.899999999999999911e-01 5.100000000000000089e-01
5.320000000000000284e-01 4.680000000000000271e-01
4.859999999999999876e-01 5.140000000000000124e-01
4.979999999999999982e-01 5.020000000000000018e-01
5.639999999999999458e-01 4.359999999999999987e-01
4.899999999999999911e-01 5.100000000000000089e-01
4.660000000000000253e-01 5.340000000000000302e-01
4.620000000000000218e-01 5.380000000000000338e-01
5.460000000000000409e-01 4.540000000000000147e-01
4.759999999999999787e-01 5.240000000000000213e-01
4.500000000000000111e-01 5.500000000000000444e-01
4.640000000000000235e-01 5.360000000000000320e-01
4.380000000000000004e-01 5.620000000000000551e-01
4.719999999999999751e-01 5.280000000000000249e-01
4.500000000000000111e-01 5.500000000000000444e-01
4.959999999999999964e-01 5.040000000000000036e-01
5.819999999999999618e-01 4.179999999999999827e-01
5.140000000000000124e-01 4.859999999999999876e-01
4.480000000000000093e-01 5.520000000000000462e-01
4.819999999999999840e-01 5.180000000000000160e-01
5.440000000000000391e-01 4.560000000000000164e-01
4.380000000000000004e-01 5.620000000000000551e-01
5.080000000000000071e-01 4.919999999999999929e-01
5.220000000000000195e-01 4.779999999999999805e-01
4.919999999999999929e-01 5.080000000000000071e-01
4.879999999999999893e-01 5.120000000000000107e-01
5.220000000000000195e-01 4.779999999999999805e-01
5.040000000000000036e-01 4.959999999999999964e-01
5.260000000000000231e-01 4.739999999999999769e-01
4.640000000000000235e-01 5.360000000000000320e-01
4.179999999999999827e-01 5.819999999999999618e-01
4.560000000000000164e-01 5.440000000000000391e-01
5.180000000000000160e-01 4.819999999999999840e-01
4.580000000000000182e-01 5.420000000000000373e-01
5.340000000000000302e-01 4.660000000000000253e-01
4.799999999999999822e-01 5.200000000000000178e-01
4.899999999999999911e-01 5.100000000000000089e-01
4.779999999999999805e-01 5.220000000000000195e-01
5.500000000000000444e-01 4.500000000000000111e-01
4.919999999999999929e-01 5.080000000000000071e-01
5.060000000000000053e-01 4.939999999999999947e-01
4.680000000000000271e-01 5.320000000000000284e-01
4.859999999999999876e-01 5.140000000000000124e-01
4.919999999999999929e-01 5.080000000000000071e-01
5.120000000000000107e-01 4.879999999999999893e-01
4.959999999999999964e-01 5.040000000000000036e-01
4.540000000000000147e-01 5.460000000000000409e-01
4.600000000000000200e-01 5.400000000000000355e-01
5.020000000000000018e-01 4.979999999999999982e-01
4.739999999999999769e-01 5.260000000000000231e-01
5.000000000000000000e-01 5.000000000000000000e-01
4.959999999999999964e-01 5.040000000000000036e-01
5.480000000000000426e-01 4.520000000000000129e-01
5.060000000000000053e-01 4.939999999999999947e-01
5.000000000000000000e-01 5.000000000000000000e-01
5.200000000000000178e-01 4.799999999999999822e-01
5.220000000000000195e-01 4.779999999999999805e-01
4.400000000000000022e-01 5.600000000000000533e-01
4.779999999999999805e-01 5.220000000000000195e-01
5.420000000000000373e-01 4.580000000000000182e-01
5.100000000000000089e-01 4.899999999999999911e-01
4.719999999999999751e-01 5.280000000000000249e-01
4.859999999999999876e-01 5.140000000000000124e-01
5.300000000000000266e-01 4.699999999999999734e-01
4.799999999999999822e-01 5.200000000000000178e-01
4.979999999999999982e-01 5.020000000000000018e-01
4.699999999999999734e-01 5.300000000000000266e-01
4.699999999999999734e-01 5.300000000000000266e-01
4.899999999999999911e-01 5.100000000000000089e-01
4.799999999999999822e-01 5.200000000000000178e-01
4.680000000000000271e-01 5.320000000000000284e-01
4.919999999999999929e-01 5.080000000000000071e-01
5.120000000000000107e-01 4.879999999999999893e-01
5.200000000000000178e-01 4.799999999999999822e-01
4.119999999999999774e-01 5.879999999999999671e-01
5.300000000000000266e-01 4.699999999999999734e-01
4.719999999999999751e-01 5.280000000000000249e-01
4.759999999999999787e-01 5.240000000000000213e-01
4.939999999999999947e-01 5.060000000000000053e-01
4.759999999999999787e-01 5.240000000000000213e-01
5.100000000000000089e-01 4.899999999999999911e-01
4.839999999999999858e-01 5.160000000000000142e-01
4.959999999999999964e-01 5.040000000000000036e-01
4.600000000000000200e-01 5.400000000000000355e-01
4.839999999999999858e-01 5.160000000000000142e-01
5.440000000000000391e-01 4.560000000000000164e-01
4.839999999999999858e-01 5.160000000000000142e-01
4.500000000000000111e-01 5.500000000000000444e-01
4.640000000000000235e-01 5.360000000000000320e-01
5.360000000000000320e-01 4.640000000000000235e-01
4.699999999999999734e-01 5.300000000000000266e-01
4.500000000000000111e-01 5.500000000000000444e-01
4.839999999999999858e-01 5.160000000000000142e-01
4.899999999999999911e-01 5.100000000000000089e-01
4.939999999999999947e-01 5.060000000000000053e-01
4.719999999999999751e-01 5.280000000000000249e-01
4.620000000000000218e-01 5.380000000000000338e-01
5.000000000000000000e-01 5.000000000000000000e-01
5.420000000000000373e-01 4.580000000000000182e-01
5.220000000000000195e-01 4.779999999999999805e-01
4.919999999999999929e-01 5.080000000000000071e-01
4.799999999999999822e-01 5.200000000000000178e-01
4.939999999999999947e-01 5.060000000000000053e-01
5.300000000000000266e-01 4.699999999999999734e-01
4.779999999999999805e-01 5.220000000000000195e-01
6.260000000000000009e-01 3.739999999999999991e-01
7.500000000000000000e-01 2.500000000000000000e-01
5.180000000000000160e-01 4.819999999999999840e-01
4.400000000000000022e-01 5.600000000000000533e-01
5.080000000000000071e-01 4.919999999999999929e-01
4.899999999999999911e-01 5.100000000000000089e-01
4.660000000000000253e-01 5.340000000000000302e-01
5.300000000000000266e-01 4.699999999999999734e-01
5.360000000000000320e-01 4.640000000000000235e-01
5.160000000000000142e-01 4.839999999999999858e-01
5.200000000000000178e-01 4.799999999999999822e-01
4.959999999999999964e-01 5.040000000000000036e-01
5.180000000000000160e-01 4.819999999999999840e-01
5.300000000000000266e-01 4.699999999999999734e-01
4.799999999999999822e-01 5.200000000000000178e-01
4.560000000000000164e-01 5.440000000000000391e-01
4.680000000000000271e-01 5.320000000000000284e-01
4.680000000000000271e-01 5.320000000000000284e-01
5.060000000000000053e-01 4.939999999999999947e-01
5.140000000000000124e-01 4.859999999999999876e-01
5.060000000000000053e-01 4.939999999999999947e-01
4.859999999999999876e-01 5.140000000000000124e-01
4.959999999999999964e-01 5.040000000000000036e-01
5.100000000000000089e-01 4.899999999999999911e-01
4.480000000000000093e-01 5.520000000000000462e-01
5.240000000000000213e-01 4.759999999999999787e-01
4.959999999999999964e-01 5.040000000000000036e-01
5.460000000000000409e-01 4.540000000000000147e-01
4.739999999999999769e-01 5.260000000000000231e-01
4.680000000000000271e-01 5.320000000000000284e-01
5.120000000000000107e-01 4.879999999999999893e-01
5.060000000000000053e-01 4.939999999999999947e-01
5.040000000000000036e-01 4.959999999999999964e-01
4.620000000000000218e-01 5.380000000000000338e-01
5.240000000000000213e-01 4.759999999999999787e-01
5.080000000000000071e-01 4.919999999999999929e-01
4.979999999999999982e-01 5.020000000000000018e-01
4.540000000000000147e-01 5.460000000000000409e-01
5.140000000000000124e-01 4.859999999999999876e-01
5.240000000000000213e-01 4.759999999999999787e-01
4.520000000000000129e-01 5.480000000000000426e-01
4.919999999999999929e-01 5.080000000000000071e-01
4.640000000000000235e-01 5.360000000000000320e-01
5.000000000000000000e-01 5.000000000000000000e-01
5.380000000000000338e-01 4.620000000000000218e-01
4.660000000000000253e-01 5.340000000000000302e-01
4.380000000000000004e-01 5.620000000000000551e-01
4.799999999999999822e-01 5.200000000000000178e-01
4.580000000000000182e-01 5.420000000000000373e-01
4.939999999999999947e-01 5.060000000000000053e-01
5.240000000000000213e-01 4.759999999999999787e-01
5.040000000000000036e-01 4.959999999999999964e-01
5.799999999999999600e-01 4.199999999999999845e-01
5.340000000000000302e-01 4.660000000000000253e-01
4.739999999999999769e-01 5.260000000000000231e-01
5.060000000000000053e-01 4.939999999999999947e-01
4.959999999999999964e-01 5.040000000000000036e-01
5.360000000000000320e-01 4.640000000000000235e-01
4.699999999999999734e-01 5.300000000000000266e-01
4.979999999999999982e-01 5.020000000000000018e-01
4.879999999999999893e-01 5.120000000000000107e-01
5.000000000000000000e-01 5.000000000000000000e-01
5.300000000000000266e-01 4.699999999999999734e-01
5.560000000000000497e-01 4.440000000000000058e-01
4.600000000000000200e-01 5.400000000000000355e-01
4.739999999999999769e-01 5.260000000000000231e-01
4.879999999999999893e-01 5.120000000000000107e-01
5.120000000000000107e-01 4.879999999999999893e-01
4.839999999999999858e-01 5.160000000000000142e-01
4.719999999999999751e-01 5.280000000000000249e-01
4.919999999999999929e-01 5.080000000000000071e-01
4.699999999999999734e-01 5.300000000000000266e-01
5.080000000000000071e-01 4.919999999999999929e-01
4.899999999999999911e-01 5.100000000000000089e-01
5.160000000000000142e-01 4.839999999999999858e-01
4.440000000000000058e-01 5.560000000000000497e-01
4.759999999999999787e-01 5.240000000000000213e-01
4.959999999999999964e-01 5.040000000000000036e-01
4.759999999999999787e-01 5.240000000000000213e-01
5.040000000000000036e-01 4.959999999999999964e-01
4.620000000000000218e-01 5.380000000000000338e-01
4.239999999999999880e-01 5.759999999999999565e-01
4.380000000000000004e-01 5.620000000000000551e-01
5.100000000000000089e-01 4.899999999999999911e-01
4.680000000000000271e-01 5.320000000000000284e-01
4.620000000000000218e-01 5.380000000000000338e-01
7.279999999999999805e-01 2.720000000000000195e-01
5.380000000000000338e-01 4.620000000000000218e-01
4.779999999999999805e-01 5.220000000000000195e-01
5.400000000000000355e-01 4.600000000000000200e-01
4.879999999999999893e-01 5.120000000000000107e-01
4.939999999999999947e-01 5.060000000000000053e-01
7.019999999999999574e-01 2.979999999999999871e-01
4.680000000000000271e-01 5.320000000000000284e-01
5.600000000000000533e-01 4.400000000000000022e-01
4.819999999999999840e-01 5.180000000000000160e-01
5.040000000000000036e-01 4.959999999999999964e-01
4.600000000000000200e-01 5.400000000000000355e-01
5.180000000000000160e-01 4.819999999999999840e-01
4.739999999999999769e-01 5.260000000000000231e-01
4.460000000000000075e-01 5.540000000000000480e-01
5.100000000000000089e-01 4.899999999999999911e-01
4.680000000000000271e-01 5.320000000000000284e-01
4.899999999999999911e-01 5.100000000000000089e-01
5.180000000000000160e-01 4.819999999999999840e-01
4.859999999999999876e-01 5.140000000000000124e-01
4.680000000000000271e-01 5.320000000000000284e-01
4.799999999999999822e-01 5.200000000000000178e-01
5.240000000000000213e-01 4.759999999999999787e-01
4.560000000000000164e-01 5.440000000000000391e-01
4.779999999999999805e-01 5.220000000000000195e-01
4.739999999999999769e-01 5.260000000000000231e-01
5.240000000000000213e-01 4.759999999999999787e-01
4.839999999999999858e-01 5.160000000000000142e-01
5.180000000000000160e-01 4.819999999999999840e-01
4.879999999999999893e-01 5.120000000000000107e-01
5.360000000000000320e-01 4.640000000000000235e-01
5.140000000000000124e-01 4.859999999999999876e-01
5.699999999999999512e-01 4.299999999999999933e-01
5.260000000000000231e-01 4.739999999999999769e-01
4.719999999999999751e-01 5.280000000000000249e-01
5.160000000000000142e-01 4.839999999999999858e-01
5.000000000000000000e-01 5.000000000000000000e-01
5.699999999999999512e-01 4.299999999999999933e-01
4.759999999999999787e-01 5.240000000000000213e-01
4.719999999999999751e-01 5.280000000000000249e-01
5.759999999999999565e-01 4.239999999999999880e-01
4.979999999999999982e-01 5.020000000000000018e-01
4.580000000000000182e-01 5.420000000000000373e-01
4.799999999999999822e-01 5.200000000000000178e-01
4.939999999999999947e-01 5.060000000000000053e-01
4.540000000000000147e-01 5.460000000000000409e-01
4.739999999999999769e-01 5.260000000000000231e-01
4.640000000000000235e-01 5.360000000000000320e-01
5.080000000000000071e-01 4.919999999999999929e-01
4.859999999999999876e-01 5.140000000000000124e-01
4.560000000000000164e-01 5.440000000000000391e-01
4.420000000000000040e-01 5.580000000000000515e-01
5.020000000000000018e-01 4.979999999999999982e-01
4.819999999999999840e-01 5.180000000000000160e-01
4.859999999999999876e-01 5.140000000000000124e-01
5.080000000000000071e-01 4.919999999999999929e-01
4.899999999999999911e-01 5.100000000000000089e-01
4.640000000000000235e-01 5.360000000000000320e-01
5.080000000000000071e-01 4.919999999999999929e-01
5.180000000000000160e-01 4.819999999999999840e-01
4.480000000000000093e-01 5.520000000000000462e-01
5.979999999999999760e-01 4.020000000000000240e-01
4.699999999999999734e-01 5.300000000000000266e-01
4.859999999999999876e-01 5.140000000000000124e-01
5.260000000000000231e-01 4.739999999999999769e-01
4.839999999999999858e-01 5.160000000000000142e-01
4.959999999999999964e-01 5.040000000000000036e-01
4.319999999999999951e-01 5.679999999999999494e-01
4.919999999999999929e-01 5.080000000000000071e-01
4.919999999999999929e-01 5.080000000000000071e-01
4.620000000000000218e-01 5.380000000000000338e-01
4.540000000000000147e-01 5.460000000000000409e-01
5.260000000000000231e-01 4.739999999999999769e-01
5.160000000000000142e-01 4.839999999999999858e-01
5.360000000000000320e-01 4.640000000000000235e-01
5.040000000000000036e-01 4.959999999999999964e-01
4.600000000000000200e-01 5.400000000000000355e-01
4.779999999999999805e-01 5.220000000000000195e-01
5.719999999999999529e-01 4.279999999999999916e-01
4.640000000000000235e-01 5.360000000000000320e-01
5.400000000000000355e-01 4.600000000000000200e-01
4.779999999999999805e-01 5.220000000000000195e-01
4.979999999999999982e-01 5.020000000000000018e-01
4.580000000000000182e-01 5.420000000000000373e-01
5.280000000000000249e-01 4.719999999999999751e-01
5.080000000000000071e-01 4.919999999999999929e-01
4.939999999999999947e-01 5.060000000000000053e-01
4.719999999999999751e-01 5.280000000000000249e-01
5.120000000000000107e-01 4.879999999999999893e-01
5.020000000000000018e-01 4.979999999999999982e-01
4.899999999999999911e-01 5.100000000000000089e-01
4.939999999999999947e-01 5.060000000000000053e-01
5.420000000000000373e-01 4.580000000000000182e-01
5.120000000000000107e-01 4.879999999999999893e-01
4.620000000000000218e-01 5.380000000000000338e-01
5.460000000000000409e-01 4.540000000000000147e-01
5.000000000000000000e-01 5.000000000000000000e-01
5.799999999999999600e-01 4.199999999999999845e-01
5.100000000000000089e-01 4.899999999999999911e-01
5.140000000000000124e-01 4.859999999999999876e-01
4.680000000000000271e-01 5.320000000000000284e-01
4.839999999999999858e-01 5.160000000000000142e-01
4.359999999999999987e-01 5.639999999999999458e-01
5.320000000000000284e-01 4.680000000000000271e-01
5.080000000000000071e-01 4.919999999999999929e-01
4.699999999999999734e-01 5.300000000000000266e-01
4.959999999999999964e-01 5.040000000000000036e-01
4.420000000000000040e-01 5.580000000000000515e-01
4.799999999999999822e-01 5.200000000000000178e-01
5.440000000000000391e-01 4.560000000000000164e-01
5.000000000000000000e-01 5.000000000000000000e-01
4.919999999999999929e-01 5.080000000000000071e-01
5.200000000000000178e-01 4.799999999999999822e-01
5.060000000000000053e-01 4.939999999999999947e-01
5.460000000000000409e-01 4.540000000000000147e-01
5.100000000000000089e-01 4.899999999999999911e-01
5.060000000000000053e-01 4.939999999999999947e-01
4.819999999999999840e-01 5.180000000000000160e-01
4.959999999999999964e-01 5.040000000000000036e-01
5.520000000000000462e-01 4.480000000000000093e-01
5.120000000000000107e-01 4.879999999999999893e-01
5.240000000000000213e-01 4.759999999999999787e-01
4.979999999999999982e-01 5.020000000000000018e-01
4.640000000000000235e-01 5.360000000000000320e-01
4.680000000000000271e-01 5.320000000000000284e-01
4.500000000000000111e-01 5.500000000000000444e-01
5.060000000000000053e-01 4.939999999999999947e-01
4.959999999999999964e-01 5.040000000000000036e-01
5.400000000000000355e-01 4.600000000000000200e-01
5.220000000000000195e-01 4.779999999999999805e-01
4.400000000000000022e-01 5.600000000000000533e-01
4.540000000000000147e-01 5.460000000000000409e-01
5.739999999999999547e-01 4.259999999999999898e-01
8.760000000000000009e-01 1.239999999999999991e-01
5.160000000000000142e-01 4.839999999999999858e-01
4.899999999999999911e-01 5.100000000000000089e-01
4.620000000000000218e-01 5.380000000000000338e-01
5.140000000000000124e-01 4.859999999999999876e-01
5.080000000000000071e-01 4.919999999999999929e-01
5.400000000000000355e-01 4.600000000000000200e-01
4.500000000000000111e-01 5.500000000000000444e-01
4.859999999999999876e-01 5.140000000000000124e-01
5.600000000000000533e-01 4.400000000000000022e-01
5.580000000000000515e-01 4.420000000000000040e-01
4.319999999999999951e-01 5.679999999999999494e-01
5.320000000000000284e-01 4.680000000000000271e-01
4.939999999999999947e-01 5.060000000000000053e-01
4.719999999999999751e-01 5.280000000000000249e-01
5.300000000000000266e-01 4.699999999999999734e-01
4.500000000000000111e-01 5.500000000000000444e-01
4.640000000000000235e-01 5.360000000000000320e-01
4.680000000000000271e-01 5.320000000000000284e-01
5.060000000000000053e-01 4.939999999999999947e-01
4.500000000000000111e-01 5.500000000000000444e-01
5.060000000000000053e-01 4.939999999999999947e-01
5.180000000000000160e-01 4.819999999999999840e-01
5.160000000000000142e-01 4.839999999999999858e-01
5.260000000000000231e-01 4.739999999999999769e-01
4.660000000000000253e-01 5.340000000000000302e-01
4.819999999999999840e-01 5.180000000000000160e-01
5.220000000000000195e-01 4.779999999999999805e-01
4.699999999999999734e-01 5.300000000000000266e-01
4.580000000000000182e-01 5.420000000000000373e-01
5.320000000000000284e-01 4.680000000000000271e-01
4.259999999999999898e-01 5.739999999999999547e-01
5.140000000000000124e-01 4.859999999999999876e-01
5.180000000000000160e-01 4.819999999999999840e-01
4.640000000000000235e-01 5.360000000000000320e-01
7.700000000000000178e-01 2.300000000000000100e-01
5.140000000000000124e-01 4.859999999999999876e-01
5.480000000000000426e-01 4.520000000000000129e-01
5.160000000000000142e-01 4.839999999999999858e-01
5.360000000000000320e-01 4.640000000000000235e-01
4.839999999999999858e-01 5.160000000000000142e-01
4.879999999999999893e-01 5.120000000000000107e-01
5.939999999999999725e-01 4.060000000000000275e-01
5.380000000000000338e-01 4.620000000000000218e-01
4.919999999999999929e-01 5.080000000000000071e-01
4.460000000000000075e-01 5.540000000000000480e-01
5.060000000000000053e-01 4.939999999999999947e-01
5.420000000000000373e-01 4.580000000000000182e-01
4.560000000000000164e-01 5.440000000000000391e-01
4.839999999999999858e-01 5.160000000000000142e-01
5.779999999999999583e-01 4.219999999999999862e-01
5.360000000000000320e-01 4.640000000000000235e-01
5.000000000000000000e-01 5.000000000000000000e-01
4.480000000000000093e-01 5.520000000000000462e-01
4.640000000000000235e-01 5.360000000000000320e-01
4.979999999999999982e-01 5.020000000000000018e-01
4.600000000000000200e-01 5.400000000000000355e-01
5.280000000000000249e-01 4.719999999999999751e-01
4.640000000000000235e-01 5.360000000000000320e-01
4.979999999999999982e-01 5.020000000000000018e-01
4.640000000000000235e-01 5.360000000000000320e-01
5.140000000000000124e-01 4.859999999999999876e-01
4.580000000000000182e-01 5.420000000000000373e-01
4.899999999999999911e-01 5.100000000000000089e-01
5.040000000000000036e-01 4.959999999999999964e-01
4.480000000000000093e-01 5.520000000000000462e-01
5.180000000000000160e-01 4.819999999999999840e-01
5.400000000000000355e-01 4.600000000000000200e-01
4.779999999999999805e-01 5.220000000000000195e-01
4.660000000000000253e-01 5.340000000000000302e-01
4.500000000000000111e-01 5.500000000000000444e-01
5.000000000000000000e-01 5.000000000000000000e-01
4.879999999999999893e-01 5.120000000000000107e-01
4.560000000000000164e-01 5.440000000000000391e-01
5.160000000000000142e-01 4.839999999999999858e-01
4.640000000000000235e-01 5.360000000000000320e-01
5.060000000000000053e-01 4.939999999999999947e-01
4.540000000000000147e-01 5.460000000000000409e-01
4.339999999999999969e-01 5.659999999999999476e-01
5.240000000000000213e-01 4.759999999999999787e-01
5.100000000000000089e-01 4.899999999999999911e-01
4.179999999999999827e-01 5.819999999999999618e-01
5.000000000000000000e-01 5.000000000000000000e-01
5.040000000000000036e-01 4.959999999999999964e-01
4.620000000000000218e-01 5.380000000000000338e-01
5.420000000000000373e-01 4.580000000000000182e-01
5.080000000000000071e-01 4.919999999999999929e-01
5.340000000000000302e-01 4.660000000000000253e-01
4.079999999999999738e-01 5.919999999999999707e-01
4.500000000000000111e-01 5.500000000000000444e-01
5.180000000000000160e-01 4.819999999999999840e-01
5.320000000000000284e-01 4.680000000000000271e-01
4.799999999999999822e-01 5.200000000000000178e-01
5.280000000000000249e-01 4.719999999999999751e-01
4.560000000000000164e-01 5.440000000000000391e-01
5.080000000000000071e-01 4.919999999999999929e-01
4.719999999999999751e-01 5.280000000000000249e-01
4.680000000000000271e-01 5.320000000000000284e-01
4.779999999999999805e-01 5.220000000000000195e-01
5.340000000000000302e-01 4.660000000000000253e-01
4.620000000000000218e-01 5.380000000000000338e-01
4.779999999999999805e-01 5.220000000000000195e-01
4.839999999999999858e-01 5.160000000000000142e-01
4.739999999999999769e-01 5.260000000000000231e-01
4.699999999999999734e-01 5.300000000000000266e-01
4.859999999999999876e-01 5.140000000000000124e-01
4.600000000000000200e-01 5.400000000000000355e-01
5.140000000000000124e-01 4.859999999999999876e-01
5.020000000000000018e-01 4.979999999999999982e-01
4.839999999999999858e-01 5.160000000000000142e-01
4.899999999999999911e-01 5.100000000000000089e-01
4.600000000000000200e-01 5.400000000000000355e-01
4.859999999999999876e-01 5.140000000000000124e-01
4.699999999999999734e-01 5.300000000000000266e-01
5.120000000000000107e-01 4.879999999999999893e-01
4.640000000000000235e-01 5.360000000000000320e-01
5.060000000000000053e-01 4.939999999999999947e-01
4.819999999999999840e-01 5.180000000000000160e-01
4.779999999999999805e-01 5.220000000000000195e-01
5.440000000000000391e-01 4.560000000000000164e-01
5.040000000000000036e-01 4.959999999999999964e-01
5.200000000000000178e-01 4.799999999999999822e-01
4.939999999999999947e-01 5.060000000000000053e-01
4.480000000000000093e-01 5.520000000000000462e-01
4.759999999999999787e-01 5.240000000000000213e-01
5.060000000000000053e-01 4.939999999999999947e-01
4.899999999999999911e-01 5.100000000000000089e-01
4.400000000000000022e-01 5.600000000000000533e-01
4.779999999999999805e-01 5.220000000000000195e-01
5.280000000000000249e-01 4.719999999999999751e-01
6.239999999999999991e-01 3.760000000000000009e-01
4.699999999999999734e-01 5.300000000000000266e-01
5.340000000000000302e-01 4.660000000000000253e-01
4.739999999999999769e-01 5.260000000000000231e-01
4.520000000000000129e-01 5.480000000000000426e-01
4.699999999999999734e-01 5.300000000000000266e-01
4.660000000000000253e-01 5.340000000000000302e-01
5.320000000000000284e-01 4.680000000000000271e-01
4.660000000000000253e-01 5.340000000000000302e-01
5.240000000000000213e-01 4.759999999999999787e-01
4.560000000000000164e-01 5.440000000000000391e-01
4.699999999999999734e-01 5.300000000000000266e-01
4.660000000000000253e-01 5.340000000000000302e-01
5.220000000000000195e-01 4.779999999999999805e-01
4.759999999999999787e-01 5.240000000000000213e-01
4.719999999999999751e-01 5.280000000000000249e-01
5.240000000000000213e-01 4.759999999999999787e-01
4.759999999999999787e-01 5.240000000000000213e-01
4.259999999999999898e-01 5.739999999999999547e-01
4.919999999999999929e-01 5.080000000000000071e-01
4.680000000000000271e-01 5.320000000000000284e-01
4.819999999999999840e-01 5.180000000000000160e-01
5.180000000000000160e-01 4.819999999999999840e-01
4.899999999999999911e-01 5.100000000000000089e-01
4.580000000000000182e-01 5.420000000000000373e-01
5.520000000000000462e-01 4.480000000000000093e-01
